inf 1.2373612795973192 1.0148406040060616 0.09396542157886012 0.7530924768019776 1.4457796411498915 inf 1.6642633503619866 0.503567584729431 1.6326797299608136 0.6372522191967414 0.1950676293580147 1.3381395562246148 1.8082887726063142 1.799356285794912 
1.2373612795973192 inf 0.22031091658180602 1.9715667014089795 inf inf 0.4217188307141888 1.36159669848936 1.1242767942940755 1.0524305401047314 1.9976197339267185 0.13332312790492407 0.12511548521365756 1.5491691457485826 0.9007530801672126 
1.0148406040060616 0.22031091658180602 inf 0.20909830974894295 1.3609531889288642 1.7052164740806743 inf inf 0.3370892376597534 0.1593913192795855 inf 1.4962143901087084 0.7973585988852803 1.952028365845141 1.2811688604559315 
0.09396542157886012 1.9715667014089795 0.20909830974894295 inf inf 0.8944827604223704 inf inf 0.6768595698091076 inf 0.784378794280713 inf inf 0.37493807384250655 1.398681701111349 
0.7530924768019776 inf 1.3609531889288642 inf inf 0.821054890529316 inf 1.464711422861712 0.7532901428063341 inf inf 1.794464047709806 1.73772818152064 inf 1.0947283772709997 
1.4457796411498915 inf 1.7052164740806743 0.8944827604223704 0.821054890529316 inf inf 0.7803535715445451 1.9518221436290228 inf inf 1.467909625144265 1.6236083751820796 1.408775786741741 1.715956595940414 
inf 0.4217188307141888 inf inf inf inf inf 1.7737059109379596 1.7328304208325562 1.450335943327714 1.6976216070628587 inf 0.6245750009052766 0.3182691690003765 0.12440813124161054 
1.6642633503619866 1.36159669848936 inf inf 1.464711422861712 0.7803535715445451 1.7737059109379596 inf 0.03336358979514853 0.5577763883630598 0.6666162454659379 1.842527450221662 0.05398564051561183 inf 0.3633629967484837 
0.503567584729431 1.1242767942940755 0.3370892376597534 0.6768595698091076 0.7532901428063341 1.9518221436290228 1.7328304208325562 0.03336358979514853 inf 0.40350153218006723 inf 0.27233302869412146 0.8467960618236139 1.103354037498454 0.35772952374671596 
1.6326797299608136 1.0524305401047314 0.1593913192795855 inf inf inf 1.450335943327714 0.5577763883630598 0.40350153218006723 inf 1.3824676163841787 inf inf 0.9878049628142767 0.2992556292699 
0.6372522191967414 1.9976197339267185 inf 0.784378794280713 inf inf 1.6976216070628587 0.6666162454659379 inf 1.3824676163841787 inf 1.229993974181601 0.1674370097924427 1.6798489622035468 inf 
0.1950676293580147 0.13332312790492407 1.4962143901087084 inf 1.794464047709806 1.467909625144265 inf 1.842527450221662 0.27233302869412146 inf 1.229993974181601 inf 1.5473969186659384 inf 1.3340741242366527 
1.3381395562246148 0.12511548521365756 0.7973585988852803 inf 1.73772818152064 1.6236083751820796 0.6245750009052766 0.05398564051561183 0.8467960618236139 inf 0.1674370097924427 1.5473969186659384 inf 1.032519755844321 inf 
1.8082887726063142 1.5491691457485826 1.952028365845141 0.37493807384250655 inf 1.408775786741741 0.3182691690003765 inf 1.103354037498454 0.9878049628142767 1.6798489622035468 inf 1.032519755844321 inf 1.0828108721384313 
1.799356285794912 0.9007530801672126 1.2811688604559315 1.398681701111349 1.0947283772709997 1.715956595940414 0.12440813124161054 0.3633629967484837 0.35772952374671596 0.2992556292699 inf 1.3340741242366527 inf 1.0828108721384313 inf 